        0.0000  -1.362503   0.320587  -1.041915 
        3.0000  -0.722742   0.502208  -0.220534 
        6.0000  -0.736631   0.513134  -0.223496 
        9.0000  -0.698891   0.473248  -0.225643 
       12.0000  -0.678229   0.438323  -0.239906 
       15.0000  -0.678973   0.420182  -0.258792 
       18.0000  -0.661218   0.399819  -0.261399 
       21.0000  -0.637497   0.371202  -0.266295 
       24.0000  -0.666872   0.398565  -0.268308 
       27.0000  -0.677137   0.407577  -0.269560 
       30.0000  -0.656010   0.374238  -0.281772 
       33.0000  -0.660169   0.377950  -0.282219 
       36.0000  -0.671566   0.390992  -0.280575 
       39.0000  -0.627671   0.361717  -0.265954 
       42.0000  -0.641112   0.354534  -0.286578 
       45.0000  -0.645817   0.357122  -0.288695 
       48.0000  -0.641886   0.338763  -0.303123 
       51.0000  -0.661079   0.355071  -0.306007 
       54.0000  -0.658724   0.356821  -0.301904 
       57.0000  -0.680759   0.374496  -0.306264 
       60.0000  -0.685655   0.364583  -0.321072 
       63.0000  -0.693619   0.370253  -0.323366 
       66.0000  -0.702301   0.373556  -0.328745 
       69.0000  -0.678178   0.343062  -0.335116 
       72.0000  -0.670617   0.335149  -0.335469 
       75.0000  -0.683402   0.352615  -0.330787 
       78.0000  -0.688443   0.349639  -0.338805 
       81.0000  -0.711387   0.367736  -0.343651 
       84.0000  -0.689654   0.335585  -0.354070 
       87.0000  -0.696790   0.337396  -0.359394 
       90.0000  -0.690490   0.331609  -0.358881 
       93.0000  -0.722679   0.352553  -0.370125 
       96.0000  -0.703761   0.327348  -0.376413 
       99.0000  -0.678281   0.303990  -0.374291 
      102.0000  -0.754479   0.384613  -0.369866 
      105.0000  -0.702398   0.327349  -0.375049 
      108.0000  -0.737834   0.362927  -0.374906 
      111.0000  -0.719180   0.351912  -0.367267 
      114.0000  -0.738949   0.361391  -0.377558 
      117.0000  -0.750948   0.374022  -0.376926 
      120.0000  -0.738898   0.365000  -0.373897 
      123.0000  -0.713753   0.340231  -0.373523 
      126.0000  -0.710189   0.342401  -0.367788 
      129.0000  -0.725592   0.359392  -0.366200 
      132.0000  -0.758128   0.378640  -0.379487 
      135.0000  -0.731831   0.355848  -0.375983 
      138.0000  -0.728100   0.349319  -0.378780 
      141.0000  -0.725300   0.343772  -0.381528 
      144.0000  -0.706519   0.327987  -0.378532 
      147.0000  -0.713117   0.338711  -0.374407 
      150.0000  -0.751962   0.378614  -0.373348 
      153.0000  -0.727433   0.359342  -0.368091 
      156.0000  -0.729003   0.358963  -0.370041 
      159.0000  -0.722748   0.342927  -0.379820 
      162.0000  -0.715453   0.336998  -0.378455 
      165.0000  -0.734426   0.347126  -0.387300 
      168.0000  -0.788998   0.393259  -0.395739 
      171.0000  -0.767246   0.367971  -0.399276 
      174.0000  -0.755157   0.355867  -0.399290 
      177.0000  -0.758032   0.357712  -0.400320 
      180.0000  -0.748397   0.342952  -0.405445 
      183.0000  -0.764504   0.355159  -0.409346 
      186.0000  -0.768386   0.371947  -0.396439 
      189.0000  -0.758218   0.356443  -0.401775 
      192.0000  -0.747538   0.336966  -0.410572 
      195.0000  -0.758376   0.347757  -0.410619 
      198.0000  -0.768464   0.345595  -0.422868 
      201.0000  -0.763320   0.335356  -0.427964 
      204.0000  -0.776207   0.352289  -0.423918 
      207.0000  -0.782062   0.357083  -0.424978 
      210.0000  -0.795004   0.359479  -0.435525 
      213.0000  -0.780001   0.348802  -0.431198 
      216.0000  -0.744535   0.307831  -0.436704 
      219.0000  -0.759678   0.322794  -0.436885 
      222.0000  -0.809643   0.371744  -0.437899 
      225.0000  -0.832205   0.391114  -0.441090 
      228.0000  -0.815022   0.370992  -0.444030 
      231.0000  -0.811659   0.368887  -0.442773 
      234.0000  -0.809460   0.364699  -0.444761 
      237.0000  -0.795472   0.353557  -0.441916 
      240.0000  -0.810144   0.383291  -0.426853 
      243.0000  -0.807116   0.376248  -0.430867 
      246.0000  -0.831557   0.392578  -0.438980 
      249.0000  -0.813860   0.374638  -0.439222 
      252.0000  -0.803847   0.355902  -0.447946 
      255.0000  -0.824633   0.372929  -0.451703 
      258.0000  -0.828956   0.374435  -0.454522 
      261.0000  -0.809388   0.356934  -0.452454 
      264.0000  -0.823744   0.369992  -0.453753 
      267.0000  -0.824167   0.370951  -0.453216 
      270.0000  -0.814803   0.356626  -0.458177 
      273.0000  -0.812788   0.351705  -0.461083 
      276.0000  -0.811776   0.354242  -0.457535 
      279.0000  -0.793153   0.339754  -0.453399 
      282.0000  -0.816623   0.354510  -0.462113 
      285.0000  -0.783487   0.324636  -0.458851 
      288.0000  -0.809960   0.349226  -0.460734 
      291.0000  -0.835664   0.389121  -0.446543 
      294.0000  -0.795043   0.342512  -0.452530 
      297.0000  -0.807364   0.350127  -0.457237 
      300.0000  -0.803795   0.342869  -0.460926 
      303.0000  -0.809372   0.337185  -0.472187 
      306.0000  -0.856175   0.380544  -0.475631 
      309.0000  -0.807653   0.345660  -0.461993 
      312.0000  -0.820779   0.344526  -0.476253 
      315.0000  -0.839922   0.377113  -0.462810 
      318.0000  -0.812731   0.344773  -0.467958 
      321.0000  -0.827716   0.356783  -0.470933 
      324.0000  -0.824612   0.356693  -0.467919 
      327.0000  -0.839430   0.364130  -0.475301 
      330.0000  -0.848335   0.376569  -0.471767 
      333.0000  -0.815861   0.351676  -0.464186 
      336.0000  -0.873402   0.401975  -0.471428 
      339.0000  -0.833607   0.354788  -0.478819 
      342.0000  -0.845275   0.369596  -0.475679 
      345.0000  -0.841028   0.353553  -0.487475 
      348.0000  -0.832943   0.343117  -0.489826 
      351.0000  -0.882556   0.381725  -0.500832 
      354.0000  -0.866226   0.352826  -0.513400 
      357.0000  -0.866345   0.345509  -0.520835 
      360.0000  -0.867194   0.340814  -0.526380 
      363.0000  -0.854945   0.324175  -0.530770 
      366.0000  -0.861184   0.338213  -0.522971 
      369.0000  -0.877938   0.343242  -0.534697 
      372.0000  -0.898298   0.355094  -0.543205 
      375.0000  -0.910799   0.369531  -0.541268 
      378.0000  -0.870459   0.332313  -0.538146 
      381.0000  -0.901744   0.346208  -0.555536 
      384.0000  -0.899295   0.358565  -0.540731 
      387.0000  -0.889116   0.337463  -0.551654 
      390.0000  -0.859736   0.306831  -0.552905 
      393.0000  -0.903696   0.344511  -0.559185 
      396.0000  -0.894520   0.340577  -0.553943 
      399.0000  -0.910227   0.353345  -0.556882 
      402.0000  -0.918951   0.360741  -0.558211 
      405.0000  -0.920036   0.340489  -0.579547 
      408.0000  -0.905810   0.340260  -0.565550 
      411.0000  -0.913215   0.346369  -0.566847 
      414.0000  -0.890121   0.319472  -0.570649 
      417.0000  -0.922095   0.351580  -0.570516 
      420.0000  -0.919260   0.359067  -0.560193 
      423.0000  -0.928007   0.377005  -0.551003 
      426.0000  -0.924005   0.380041  -0.543964 
      429.0000  -0.883144   0.348739  -0.534404 
      432.0000  -0.894891   0.368935  -0.525956 
      435.0000  -0.899978   0.375975  -0.524003 
      438.0000  -0.888171   0.377207  -0.510963 
      441.0000  -0.887062   0.372370  -0.514692 
      444.0000  -0.884180   0.372885  -0.511296 
      447.0000  -0.901068   0.384473  -0.516596 
      450.0000  -0.869395   0.360055  -0.509340 
      453.0000  -0.880857   0.363744  -0.517113 
      456.0000  -0.901198   0.390607  -0.510592 
      459.0000  -0.903785   0.392201  -0.511583 
      462.0000  -0.881844   0.365269  -0.516575 
      465.0000  -0.910750   0.372746  -0.538004 
      468.0000  -0.896195   0.362367  -0.533828 
      471.0000  -0.921643   0.395360  -0.526283 
      474.0000  -0.901796   0.378349  -0.523447 
      477.0000  -0.917646   0.392798  -0.524848 
      480.0000  -0.899752   0.379738  -0.520014 
      483.0000  -0.893649   0.371824  -0.521826 
      486.0000  -0.895724   0.374014  -0.521710 
      489.0000  -0.880413   0.371934  -0.508479 
      492.0000  -0.924179   0.408342  -0.515837 
      495.0000  -0.909940   0.374973  -0.534966 
      498.0000  -0.918279   0.368429  -0.549850 
      501.0000  -0.897244   0.355386  -0.541858 
      504.0000  -0.913793   0.364222  -0.549571 
      507.0000  -0.929076   0.387127  -0.541949 
      510.0000  -0.902406   0.360263  -0.542142 
      513.0000  -0.907467   0.370361  -0.537106 
      516.0000  -0.911788   0.375335  -0.536453 
      519.0000  -0.930537   0.399909  -0.530628 
      522.0000  -0.910531   0.378149  -0.532382 
      525.0000  -0.888469   0.354938  -0.533531 
      528.0000  -0.911756   0.366535  -0.545221 
      531.0000  -0.913496   0.368951  -0.544545 
      534.0000  -0.912344   0.381451  -0.530893 
      537.0000  -0.907229   0.369301  -0.537927 
      540.0000  -0.895251   0.359228  -0.536024 
      543.0000  -0.898078   0.360079  -0.537999 
      546.0000  -0.922690   0.408382  -0.514308 
      549.0000  -0.930166   0.409859  -0.520307 
      552.0000  -0.935234   0.404206  -0.531028 
      555.0000  -0.903242   0.379841  -0.523402 
      558.0000  -0.925741   0.390012  -0.535729 
      561.0000  -0.902047   0.366867  -0.535180 
      564.0000  -0.926380   0.401825  -0.524555 
      567.0000  -0.904305   0.386710  -0.517595 
      570.0000  -0.889213   0.362783  -0.526429 
      573.0000  -0.934264   0.408002  -0.526263 
      576.0000  -0.916204   0.388441  -0.527763 
      579.0000  -0.912180   0.379735  -0.532445 
      582.0000  -0.919795   0.386136  -0.533658 
      585.0000  -0.926028   0.389937  -0.536090 
      588.0000  -0.898178   0.367980  -0.530197 
      591.0000  -0.917017   0.380774  -0.536243 
      594.0000  -0.914785   0.375607  -0.539178 
      597.0000  -0.936457   0.385355  -0.551102 
      600.0000  -0.914624   0.361403  -0.553221 
      603.0000  -0.912680   0.367176  -0.545504 
      606.0000  -0.920042   0.377922  -0.542120 
      609.0000  -0.914384   0.369703  -0.544680 
      612.0000  -0.918624   0.361258  -0.557366 
      615.0000  -0.936582   0.379151  -0.557430 
      618.0000  -0.915286   0.345070  -0.570217 
      621.0000  -0.916769   0.343016  -0.573753 
      624.0000  -0.934255   0.357643  -0.576612 
      627.0000  -0.958684   0.371635  -0.587048 
      630.0000  -0.941547   0.360766  -0.580781 
      633.0000  -0.956144   0.370935  -0.585210 
      636.0000  -0.946076   0.353209  -0.592866 
      639.0000  -0.938613   0.339712  -0.598900 
      642.0000  -0.936234   0.343559  -0.592675 
      645.0000  -0.946868   0.345071  -0.601797 
      648.0000  -0.930830   0.327061  -0.603769 
      651.0000  -0.953774   0.352567  -0.601207 
      654.0000  -0.941950   0.360739  -0.581210 
      657.0000  -0.962583   0.370826  -0.591757 
      660.0000  -0.952433   0.365813  -0.586620 
      663.0000  -0.942657   0.356851  -0.585806 
      666.0000  -0.960498   0.371889  -0.588609 
      669.0000  -0.956728   0.381489  -0.575239 
      672.0000  -0.972663   0.390465  -0.582198 
      675.0000  -0.960595   0.374044  -0.586550 
      678.0000  -0.956006   0.375436  -0.580570 
      681.0000  -0.944395   0.362541  -0.581854 
      684.0000  -0.944657   0.358629  -0.586028 
      687.0000  -0.951525   0.368275  -0.583250 
      690.0000  -0.971295   0.376180  -0.595114 
      693.0000  -1.005757   0.399183  -0.606574 
      696.0000  -0.973596   0.380501  -0.593096 
      699.0000  -0.976198   0.384044  -0.592154 
      702.0000  -0.973957   0.392064  -0.581893 
      705.0000  -0.976550   0.382702  -0.593849 
      708.0000  -0.977564   0.370249  -0.607315 
      711.0000  -0.986536   0.372280  -0.614256 
      714.0000  -1.000180   0.378520  -0.621660 
      717.0000  -0.972864   0.352741  -0.620123 
      720.0000  -0.946713   0.324518  -0.622195 
      723.0000  -0.982085   0.349241  -0.632844 
      726.0000  -0.985566   0.345236  -0.640329 
      729.0000  -1.007281   0.368327  -0.638954 
      732.0000  -1.017473   0.381904  -0.635570 
      735.0000  -1.013152   0.373324  -0.639828 
      738.0000  -0.981781   0.352155  -0.629626 
      741.0000  -0.972876   0.339021  -0.633855 
      744.0000  -0.998314   0.372582  -0.625732 
      747.0000  -0.977451   0.358402  -0.619050 
      750.0000  -0.979171   0.340881  -0.638290 
      753.0000  -0.961877   0.326186  -0.635691 
      756.0000  -0.958154   0.323740  -0.634414 
      759.0000  -0.970968   0.339523  -0.631445 
      762.0000  -0.972529   0.348388  -0.624141 
      765.0000  -0.955864   0.328506  -0.627359 
      768.0000  -0.963802   0.323924  -0.639878 
      771.0000  -0.969731   0.339002  -0.630728 
      774.0000  -0.954650   0.325941  -0.628710 
      777.0000  -0.966289   0.353394  -0.612894 
      780.0000  -0.960923   0.331982  -0.628941 
      783.0000  -0.958197   0.325373  -0.632824 
      786.0000  -0.982490   0.342055  -0.640435 
      789.0000  -0.987536   0.350455  -0.637082 
      792.0000  -0.953928   0.314408  -0.639520 
      795.0000  -0.978647   0.345907  -0.632740 
      798.0000  -0.969693   0.342357  -0.627336 
      801.0000  -0.990570   0.359289  -0.631281 
      804.0000  -0.946462   0.315550  -0.630911 
      807.0000  -0.957942   0.333806  -0.624136 
      810.0000  -0.979963   0.355617  -0.624346 
      813.0000  -0.983856   0.356833  -0.627023 
      816.0000  -0.956535   0.327254  -0.629282 
      819.0000  -0.952723   0.321215  -0.631508 
      822.0000  -0.983334   0.349264  -0.634071 
      825.0000  -0.966727   0.338624  -0.628102 
      828.0000  -0.978782   0.354998  -0.623784 
      831.0000  -0.979242   0.373406  -0.605836 
      834.0000  -0.985636   0.368069  -0.617567 
      837.0000  -0.980896   0.371494  -0.609403 
      840.0000  -0.940694   0.334305  -0.606389 
      843.0000  -0.952181   0.353020  -0.599161 
      846.0000  -0.962901   0.367599  -0.595301 
      849.0000  -0.973274   0.364003  -0.609271 
      852.0000  -0.971160   0.346203  -0.624957 
      855.0000  -0.984612   0.352718  -0.631893 
      858.0000  -0.994544   0.355992  -0.638551 
      861.0000  -0.984540   0.346633  -0.637907 
      864.0000  -0.985659   0.342459  -0.643201 
      867.0000  -0.995201   0.343521  -0.651680 
      870.0000  -0.976466   0.325668  -0.650798 
      873.0000  -1.020934   0.370744  -0.650190 
      876.0000  -0.979138   0.337323  -0.641815 
      879.0000  -1.003730   0.362276  -0.641454 
      882.0000  -0.997838   0.357876  -0.639962 
      885.0000  -1.004253   0.374413  -0.629840 
      888.0000  -1.027015   0.394657  -0.632357 
      891.0000  -1.000139   0.356647  -0.643492 
      894.0000  -1.008584   0.379459  -0.629125 
      897.0000  -0.996509   0.367614  -0.628895 
      900.0000  -0.983162   0.356605  -0.626557 
      903.0000  -1.015880   0.384701  -0.631178 
      906.0000  -1.007065   0.377596  -0.629469 
      909.0000  -1.019906   0.374189  -0.645717 
      912.0000  -1.006219   0.361962  -0.644257 
      915.0000  -1.038050   0.387459  -0.650591 
      918.0000  -1.022373   0.365108  -0.657265 
      921.0000  -1.020187   0.358886  -0.661301 
      924.0000  -1.002327   0.354930  -0.647398 
      927.0000  -1.015540   0.369373  -0.646167 
      930.0000  -0.986333   0.342832  -0.643501 
      933.0000  -1.019852   0.376281  -0.643571 
      936.0000  -1.020425   0.378328  -0.642097 
      939.0000  -0.992338   0.341808  -0.650530 
      942.0000  -1.002428   0.365259  -0.637169 
      945.0000  -0.977407   0.340951  -0.636457 
      948.0000  -1.002719   0.365555  -0.637163 
      951.0000  -0.985936   0.329550  -0.656386 
      954.0000  -0.988535   0.337488  -0.651047 
      957.0000  -0.974683   0.337051  -0.637632 
      960.0000  -1.009825   0.369262  -0.640562 
      963.0000  -1.002074   0.366656  -0.635417 
      966.0000  -1.009687   0.389522  -0.620166 
      969.0000  -1.003640   0.390108  -0.613532 
      972.0000  -0.988092   0.360322  -0.627770 
      975.0000  -0.980713   0.346270  -0.634443 
      978.0000  -1.001203   0.358485  -0.642718 
      981.0000  -0.978422   0.332263  -0.646159 
      984.0000  -0.996942   0.349746  -0.647196 
      987.0000  -0.995876   0.343812  -0.652063 
      990.0000  -0.990744   0.338678  -0.652066 
      993.0000  -0.984468   0.330583  -0.653885 
      996.0000  -1.035391   0.382274  -0.653117 
      999.0000  -1.038768   0.387512  -0.651256 
     1002.0000  -1.017372   0.374914  -0.642458 
     1005.0000  -1.030633   0.394412  -0.636221 
     1008.0000  -1.027941   0.385900  -0.642041 
     1011.0000  -1.023606   0.389549  -0.634058 
     1014.0000  -1.050872   0.404342  -0.646529 
     1017.0000  -1.041524   0.392151  -0.649373 
     1020.0000  -1.045936   0.393867  -0.652069 
     1023.0000  -1.023846   0.375140  -0.648707 
     1026.0000  -1.031052   0.385951  -0.645101 
     1029.0000  -1.055199   0.401586  -0.653613 
     1032.0000  -1.010609   0.356491  -0.654118 
     1035.0000  -1.012322   0.350616  -0.661706 
     1038.0000  -1.035302   0.363083  -0.672219 
     1041.0000  -1.037963   0.363680  -0.674283 
     1044.0000  -1.032030   0.361549  -0.670480 
     1047.0000  -1.044402   0.367502  -0.676900 
     1050.0000  -1.030526   0.359497  -0.671029 
     1053.0000  -1.014051   0.340742  -0.673308 
     1056.0000  -1.029173   0.362552  -0.666621 
     1059.0000  -1.039835   0.382415  -0.657420 
     1062.0000  -1.033145   0.375141  -0.658004 
     1065.0000  -1.003930   0.342182  -0.661748 
     1068.0000  -1.045024   0.385645  -0.659379 
     1071.0000  -1.014864   0.348008  -0.666856 
     1074.0000  -1.021607   0.357456  -0.664151 
     1077.0000  -1.041200   0.359484  -0.681715 
     1080.0000  -1.043401   0.358709  -0.684693 
     1083.0000  -1.041700   0.377799  -0.663901 
     1086.0000  -1.044234   0.374165  -0.670068 
     1089.0000  -1.044583   0.386482  -0.658100 
     1092.0000  -1.059143   0.395201  -0.663942 
     1095.0000  -1.032074   0.368093  -0.663981 
     1098.0000  -1.020883   0.360968  -0.659915 
     1101.0000  -1.021236   0.364915  -0.656321 
     1104.0000  -1.015375   0.361963  -0.653412 
     1107.0000  -1.034961   0.370798  -0.664163 
     1110.0000  -1.016171   0.352946  -0.663225 
     1113.0000  -1.062698   0.400636  -0.662062 
     1116.0000  -1.035003   0.377665  -0.657339 
     1119.0000  -1.029576   0.378908  -0.650667 
     1122.0000  -1.007301   0.342089  -0.665212 
     1125.0000  -1.030744   0.364095  -0.666649 
     1128.0000  -1.039204   0.368693  -0.670511 
     1131.0000  -1.044922   0.364129  -0.680794 
     1134.0000  -1.038647   0.365472  -0.673174 
     1137.0000  -1.040732   0.367927  -0.672805 
     1140.0000  -1.070713   0.396048  -0.674665 
     1143.0000  -1.054667   0.367791  -0.686876 
     1146.0000  -1.050178   0.356935  -0.693243 
     1149.0000  -1.087983   0.387317  -0.700665 
     1152.0000  -1.071249   0.376737  -0.694512 
     1155.0000  -1.086388   0.381394  -0.704994 
     1158.0000  -1.059136   0.347627  -0.711509 
     1161.0000  -1.066143   0.370965  -0.695178 
     1164.0000  -1.073361   0.383153  -0.690209 
     1167.0000  -1.045817   0.342479  -0.703338 
     1170.0000  -1.073869   0.376771  -0.697098 
     1173.0000  -1.058130   0.359684  -0.698446 
     1176.0000  -1.071279   0.370910  -0.700368 
     1179.0000  -1.083879   0.387496  -0.696383 
     1182.0000  -1.052563   0.360516  -0.692047 
     1185.0000  -1.079347   0.374922  -0.704425 
     1188.0000  -1.081645   0.382915  -0.698731 
     1191.0000  -1.101847   0.411573  -0.690274 
     1194.0000  -1.074498   0.373836  -0.700662 
     1197.0000  -1.090898   0.394778  -0.696120 
     1200.0000  -1.119278   0.420815  -0.698464 
     1203.0000  -1.103145   0.394855  -0.708290 
     1206.0000  -1.073386   0.375674  -0.697711 
     1209.0000  -1.106032   0.395733  -0.710299 
     1212.0000  -1.068665   0.361278  -0.707386 
     1215.0000  -1.112113   0.415173  -0.696939 
     1218.0000  -1.087868   0.383353  -0.704515 
     1221.0000  -1.076816   0.373698  -0.703117 
     1224.0000  -1.096227   0.371585  -0.724642 
     1227.0000  -1.083993   0.355209  -0.728783 
     1230.0000  -1.108994   0.377892  -0.731101 
     1233.0000  -1.113949   0.401429  -0.712520 
     1236.0000  -1.133322   0.405346  -0.727976 
     1239.0000  -1.088723   0.383557  -0.705166 
     1242.0000  -1.098106   0.369870  -0.728236 
     1245.0000  -1.073265   0.342748  -0.730517 
     1248.0000  -1.101790   0.357699  -0.744091 
     1251.0000  -1.108249   0.365465  -0.742783 
     1254.0000  -1.085698   0.353454  -0.732244 
     1257.0000  -1.073915   0.329938  -0.743977 
     1260.0000  -1.086749   0.345701  -0.741048 
     1263.0000  -1.100293   0.357470  -0.742823 
     1266.0000  -1.102304   0.357483  -0.744822 
     1269.0000  -1.088930   0.339868  -0.749062 
     1272.0000  -1.099397   0.350254  -0.749143 
     1275.0000  -1.098452   0.357417  -0.741035 
     1278.0000  -1.128328   0.382755  -0.745573 
     1281.0000  -1.091176   0.354469  -0.736706 
     1284.0000  -1.111461   0.370245  -0.741215 
     1287.0000  -1.094777   0.338373  -0.756404 
     1290.0000  -1.123733   0.361282  -0.762451 
     1293.0000  -1.142837   0.378483  -0.764353 
     1296.0000  -1.120934   0.372340  -0.748594 
     1299.0000  -1.143244   0.385214  -0.758031 
     1302.0000  -1.127123   0.376153  -0.750970 
     1305.0000  -1.081780   0.329514  -0.752267 
     1308.0000  -1.133032   0.381666  -0.751367 
     1311.0000  -1.126393   0.371891  -0.754502 
     1314.0000  -1.112280   0.346138  -0.766142 
     1317.0000  -1.143547   0.380295  -0.763253 
     1320.0000  -1.110521   0.339072  -0.771449 
     1323.0000  -1.144203   0.376381  -0.767823 
     1326.0000  -1.090065   0.325454  -0.764611 
     1329.0000  -1.125398   0.359517  -0.765881 
     1332.0000  -1.143617   0.387388  -0.756230 
     1335.0000  -1.109156   0.350771  -0.758385 
     1338.0000  -1.126695   0.375249  -0.751446 
     1341.0000  -1.114416   0.364817  -0.749599 
     1344.0000  -1.107676   0.359011  -0.748665 
     1347.0000  -1.125554   0.368185  -0.757369 
     1350.0000  -1.105442   0.360680  -0.744763 
     1353.0000  -1.134054   0.375377  -0.758677 
     1356.0000  -1.141060   0.395592  -0.745468 
     1359.0000  -1.106047   0.352163  -0.753885 
     1362.0000  -1.122165   0.364347  -0.757818 
     1365.0000  -1.158703   0.409057  -0.749647 
     1368.0000  -1.147813   0.383633  -0.764180 
     1371.0000  -1.128313   0.358125  -0.770188 
     1374.0000  -1.129371   0.365558  -0.763813 
     1377.0000  -1.138434   0.366064  -0.772370 
     1380.0000  -1.155553   0.391590  -0.763962 
     1383.0000  -1.126169   0.357513  -0.768656 
     1386.0000  -1.161481   0.381289  -0.780192 
     1389.0000  -1.126336   0.341557  -0.784779 
     1392.0000  -1.126875   0.362501  -0.764374 
     1395.0000  -1.145846   0.385076  -0.760770 
     1398.0000  -1.111093   0.365394  -0.745698 
     1401.0000  -1.130527   0.378495  -0.752032 
     1404.0000  -1.122442   0.371559  -0.750884 
     1407.0000  -1.130696   0.375422  -0.755274 
     1410.0000  -1.156673   0.391603  -0.765070 
     1413.0000  -1.155620   0.384468  -0.771152 
     1416.0000  -1.106312   0.338921  -0.767390 
     1419.0000  -1.142690   0.380594  -0.762095 
     1422.0000  -1.153029   0.394138  -0.758891 
     1425.0000  -1.097713   0.363094  -0.734618 
     1428.0000  -1.101952   0.358503  -0.743449 
     1431.0000  -1.133270   0.385859  -0.747411 
     1434.0000  -1.087121   0.345612  -0.741508 
     1437.0000  -1.109391   0.350994  -0.758397 
     1440.0000  -1.103635   0.343722  -0.759913 
     1443.0000  -1.120576   0.353176  -0.767400 
     1446.0000  -1.143093   0.376066  -0.767027 
     1449.0000  -1.119986   0.347099  -0.772887 
     1452.0000  -1.131601   0.364677  -0.766924 
     1455.0000  -1.160216   0.393811  -0.766405 
     1458.0000  -1.141162   0.378674  -0.762488 
     1461.0000  -1.125805   0.362782  -0.763023 
     1464.0000  -1.137168   0.362497  -0.774671 
     1467.0000  -1.134552   0.376792  -0.757760 
     1470.0000  -1.143540   0.391503  -0.752036 
     1473.0000  -1.133536   0.368953  -0.764583 
     1476.0000  -1.115771   0.362676  -0.753094 
     1479.0000  -1.127969   0.375752  -0.752217 
     1482.0000  -1.097203   0.342765  -0.754438 
     1485.0000  -1.146548   0.394273  -0.752275 
     1488.0000  -1.142113   0.379421  -0.762692 
     1491.0000  -1.127882   0.354693  -0.773189 
     1494.0000  -1.125711   0.353942  -0.771769 
     1497.0000  -1.139785   0.367456  -0.772329 
     1500.0000  -1.137322   0.349769  -0.787553 
     1503.0000  -1.117990   0.330743  -0.787247 
     1506.0000  -1.147268   0.358174  -0.789095 
     1509.0000  -1.156191   0.353824  -0.802367 
     1512.0000  -1.142260   0.335721  -0.806538 
     1515.0000  -1.144381   0.350615  -0.793766 
     1518.0000  -1.135382   0.335070  -0.800312 
     1521.0000  -1.145337   0.353941  -0.791396 
     1524.0000  -1.142512   0.337705  -0.804807 
     1527.0000  -1.139012   0.346134  -0.792878 
     1530.0000  -1.146104   0.341855  -0.804250 
     1533.0000  -1.153374   0.350817  -0.802556 
     1536.0000  -1.168692   0.368473  -0.800219 
     1539.0000  -1.121716   0.323676  -0.798041 
     1542.0000  -1.160369   0.356520  -0.803849 
     1545.0000  -1.160739   0.354522  -0.806217 
     1548.0000  -1.139432   0.346878  -0.792554 
     1551.0000  -1.138031   0.333004  -0.805027 
     1554.0000  -1.159637   0.358790  -0.800846 
     1557.0000  -1.138928   0.339303  -0.799625 
     1560.0000  -1.162263   0.367642  -0.794621 
     1563.0000  -1.174070   0.381537  -0.792533 
     1566.0000  -1.154299   0.376510  -0.777789 
     1569.0000  -1.154891   0.378898  -0.775994 
     1572.0000  -1.113720   0.338720  -0.774999 
     1575.0000  -1.131542   0.367878  -0.763665 
     1578.0000  -1.134591   0.367113  -0.767478 
     1581.0000  -1.124106   0.364846  -0.759261 
     1584.0000  -1.140664   0.372219  -0.768445 
     1587.0000  -1.168869   0.381024  -0.787845 
     1590.0000  -1.169749   0.373804  -0.795945 
     1593.0000  -1.131806   0.333041  -0.798765 
     1596.0000  -1.127880   0.340853  -0.787027 
     1599.0000  -1.147311   0.363423  -0.783888 
     1602.0000  -1.123022   0.347472  -0.775550 
     1605.0000  -1.141879   0.365723  -0.776156 
     1608.0000  -1.113399   0.346666  -0.766733 
     1611.0000  -1.133833   0.363384  -0.770448 
     1614.0000  -1.122724   0.352990  -0.769733 
     1617.0000  -1.130869   0.362852  -0.768017 
     1620.0000  -1.124228   0.369534  -0.754694 
     1623.0000  -1.131639   0.379799  -0.751840 
     1626.0000  -1.101123   0.359969  -0.741154 
     1629.0000  -1.096831   0.361257  -0.735574 
     1632.0000  -1.099109   0.351425  -0.747684 
     1635.0000  -1.116178   0.375520  -0.740658 
     1638.0000  -1.120615   0.368048  -0.752566 
     1641.0000  -1.109399   0.366796  -0.742603 
     1644.0000  -1.128044   0.378504  -0.749540 
     1647.0000  -1.132285   0.363174  -0.769111 
     1650.0000  -1.123342   0.351483  -0.771859 
     1653.0000  -1.115571   0.344850  -0.770721 
     1656.0000  -1.133318   0.369053  -0.764266 
     1659.0000  -1.121054   0.370234  -0.750820 
     1662.0000  -1.121491   0.356301  -0.765190 
     1665.0000  -1.128084   0.381815  -0.746269 
