t = 10000
b = 30 30 30
E = -1.50418702122562 -1.50418702122562 0
3.11140743409121 0.359866846396906 -0.0332388242193832 0.993957200142683 0.0364339620846076 0.103545404008757 -0.0602984962624698 0.969465413301085 0.237699187548971 0 0 0 0 0 0
3.16258383306813 0.787314056151151 0.325288122354098 0.913503228210134 -0.120540312909019 -0.388563875075207 0.125673830302598 0.991995595666113 -0.0122811463677207 0 0 0 0 0 0
3.37338671216775 1.14187562600595 0.578475080798301 0.39587600110701 -0.0193459976029783 -0.918100171072994 0.0890537303072239 0.995874578548319 0.0174142734441907 0 0 0 0 0 0
3.66729453649268 1.64715484515567 0.559573335880812 -0.269850874891168 -0.180204417092272 -0.945889461502195 -0.299712650108697 0.949253620342543 -0.0953409231725178 0 0 0 0 0 0
3.74097317165974 2.12440895157515 0.243402121096131 -0.788481892089642 -0.450201466832347 -0.419064368693814 -0.504615763481872 0.863056865126138 0.0222660909063138 0 0 0 0 0 0
3.57257703692112 2.54037992002093 -0.128909378698477 -0.79690569279897 -0.600796904948555 0.063122070536718 -0.600901352062102 0.777597609579055 -0.185093280987905 0 0 0 0 0 0
3.15339698528828 2.80799778040111 -0.396691304429686 -0.539468236906606 -0.453740111573202 0.709291147920522 -0.663014415386832 0.748166648867228 -0.0256622390303336 0 0 0 0 0 0
2.7174370694838 2.99649159091761 -0.557343579894358 -0.240988611943831 -0.309700413449325 0.919788096695488 -0.898959162793806 0.428416133325822 -0.0912800106004145 0 0 0 0 0 0
2.17640461635141 2.93007810646088 -0.536785594535175 0.20098640776772 0.19180966777962 0.960631831264669 -0.900118839363433 0.423085888720311 0.103847993667549 0 0 0 0 0 0
1.65628803247103 2.81972373829844 -0.311506896769112 0.351775912011811 0.694762247076251 0.62734291082774 -0.923989523321982 0.365098508220248 0.1137824243307 0 0 0 0 0 0
1.21152688385985 2.88041720310833 0.0148030879363458 0.491411978324851 0.870698882760717 0.0199429967178864 -0.870547353574704 0.4903925697841 0.0407729405931852 0 0 0 0 0 0
0.934543816027492 3.16239580838255 0.316690999282742 0.378714652338786 0.625455417665655 -0.682188194427757 -0.777847885041568 0.614520425438479 0.131595267602114 0 0 0 0 0 0
0.736413585778256 3.52013380019869 0.581449312268225 0.0802697591687988 0.165293799837824 -0.982972393049855 -0.835000627067164 0.549714282569414 0.024252017166607 0 0 0 0 0 0
0.417447997351727 3.97313066025639 0.473075196730347 -0.0332309806961329 -0.527934037595603 -0.848634994488188 -0.948899817961155 0.283281231690591 -0.139071489692004 0 0 0 0 0 0
-0.0280534490769 4.22529287499072 0.278902703824364 0.0345381523097523 -0.864550067821573 -0.501358450875959 -0.997143701417112 0.00390528427170167 -0.0754267026917502 0 0 0 0 0 0
-0.520805400531362 4.25130282717238 -0.0987960464499514 0.14789333317176 -0.97484985585968 0.166719286627891 -0.976794396410542 -0.170383032562719 -0.129778000276242 0 0 0 0 0 0
-0.885374261268118 3.98596367237515 -0.409537343040648 0.169901669722294 -0.677344471102016 0.715777821738773 -0.907709088411821 -0.390346690610436 -0.153927489241051 0 0 0 0 0 0
-1.09894798429793 3.63774219034938 -0.644806019429678 -0.155173985722803 -0.106435723473572 0.982136686476765 -0.900718217094328 -0.393084254061128 -0.184909336172147 0 0 0 0 0 0
-1.372262829971 3.17726367152234 -0.627967330489452 -0.166726771300536 0.286221464321843 0.943546213543958 -0.81720718007378 -0.575552790900458 0.0301895631394121 0 0 0 0 0 0
-1.60827155644395 2.72277748576469 -0.363466847513369 -0.407341572186874 0.82564283694578 0.390367454289472 -0.855453172346473 -0.494614808837544 0.153479838418446 0 0 0 0 0 0
-1.86799517250402 2.48729891529455 0.0155066489162835 -0.523044665576978 0.84997539715625 -0.0629769961219828 -0.83741799104129 -0.498753636466035 0.223552943152786 0 0 0 0 0 0
-2.24807685236784 2.33799691425208 0.419804628710144 -0.400441533587569 0.672503993571529 -0.622402568124831 -0.827794295433201 -0.556772009904789 -0.0690038653614448 0 0 0 0 0 0
-2.79640093251144 2.32719261890982 0.527607530214802 -0.0243965336100862 0.266644150500829 -0.963486225200706 -0.806940123232751 -0.574172377412611 -0.138469197056415 0 0 0 0 0 0
-3.29375717123116 2.31113195068517 0.32617892116947 0.499239374918559 -0.307527342098897 -0.810053689820937 -0.627139962590581 -0.77334452657823 -0.0929177622059518 0 0 0 0 0 0
-3.73906698603224 2.0497163430956 0.144338476174155 0.818286619378598 -0.278046320728822 -0.503087718072212 -0.422639607841492 -0.884240105619449 -0.198733986770493 0 0 0 0 0 0
-3.87270157439695 1.78102619288619 -0.267052300279624 0.890309548285701 -0.372249357880585 0.262258124352336 -0.326153117712926 -0.923219499627482 -0.203199161695406 0 0 0 0 0 0
-3.75411942981806 1.31315695835452 -0.546445275205155 0.453859762221474 -0.26818088437317 0.84975898317881 -0.295053621068181 -0.945068801117298 -0.140670970172478 0 0 0 0 0 0
-3.62911375370682 0.840402993338341 -0.651632925222276 0.0218246737254948 0.00752128766276011 0.999733521418919 -0.0998827015991028 -0.99495226927153 0.0096658053312198 0 0 0 0 0 0
-3.36939830821809 0.473136241885513 -0.547230758961646 -0.48299307590643 0.0217171679599925 0.875354815627499 0.235581631520807 -0.959608625691848 0.153793954327872 0 0 0 0 0 0
-2.97856925053162 0.296077517940432 -0.252219752568722 -0.885849638786339 -0.318850321203612 0.337053245245396 0.390854575964984 -0.904274891241713 0.171812751322517 0 0 0 0 0 0
-2.88115910353506 -0.17725003280028 -0.0791563202070086 -0.978077267481761 -0.152248607056417 -0.142074700368453 0.104782629479213 -0.949408896380095 0.296046192398654 0 0 0 0 0 0
-3.00421587052998 -0.575988761116974 0.278646083684765 -0.636446023016845 -0.186983477978326 -0.74831386379591 0.131172520315789 -0.982277700994384 0.133881619512164 0 0 0 0 0 0
-3.23201027734548 -1.0100562346671 0.489242857780844 -0.146831096408268 -0.0996038221452685 -0.984133988713727 -0.00190283943041515 -0.994887038636895 0.100976034554769 0 0 0 0 0 0
-3.50901289437596 -1.44949429488636 0.423567240938777 0.500807055584706 0.0715233125673582 -0.862598811056435 0.156963111383893 -0.98756119539478 0.00924483721488109 0 0 0 0 0 0
-3.64124858913178 -2.03890623207025 0.180258197956185 0.75544874469817 0.316962687230653 -0.573438618369457 0.283165290032037 -0.947188012189104 -0.150506770898573 0 0 0 0 0 0
-3.45358161947445 -2.51906168928058 -0.152336071510954 0.801235665779455 0.593416966087957 0.0766662392576493 0.598312077596247 -0.793161022260212 -0.113658482171833 0 0 0 0 0 0
-3.08520124288048 -2.82652328808295 -0.43951998865889 0.449968025964909 0.624916306838171 0.637972087992093 0.829969349871832 -0.556341966009737 -0.0404288897912306 0 0 0 0 0 0
-2.59965098765929 -2.97146566216377 -0.562099313511994 0.0913881825383356 0.438724343564764 0.893962611330029 0.924425620259219 -0.371154081233664 0.0876465663442954 0 0 0 0 0 0
-2.10422454899509 -2.81786617909484 -0.588129454327904 -0.188608386396736 -0.18674817687765 0.964132768353871 0.943467507893938 -0.306946495355095 0.125111592339123 0 0 0 0 0 0
-1.63843671002358 -2.77604073424647 -0.398012210387123 -0.397251230934276 -0.617957308246511 0.678469030027111 0.917703188666521 -0.264667367261426 0.296263467572714 0 0 0 0 0 0
-1.19380414949821 -2.84537797318297 -0.00120708744698484 -0.581368657198081 -0.810258047976867 0.0741105938204475 0.788533736703394 -0.538634779338695 0.296794744844546 0 0 0 0 0 0
-0.954206516727021 -3.10976572445527 0.438493329168262 -0.325672513293072 -0.744612546729463 -0.582657334407152 0.862455890879895 -0.48648628378046 0.139645737421696 0 0 0 0 0 0
-0.826140475989771 -3.61477363273989 0.672162144410045 -0.0222232263324631 -0.309144151718637 -0.950755500467667 0.969613154490657 -0.238413446474626 0.0548576264411623 0 0 0 0 0 0
-0.437339709714582 -4.02706685173213 0.63911570660812 -0.0657866679463582 0.404849872241549 -0.912013538971065 0.997272446548309 -0.00397495984811409 -0.0737012011418549 0 0 0 0 0 0
-0.0707887016728632 -4.35019733403105 0.379890699301697 -0.0797737894165354 0.920210827158059 -0.383207745359103 0.994546901862861 0.0993831882855319 0.0316139507368447 0 0 0 0 0 0
0.452095046588949 -4.35239747239985 0.184796654239538 -0.248339140619799 0.964013117591169 -0.0949019512359066 0.953646486929879 0.226121029915263 -0.198563989173165 0 0 0 0 0 0
0.828288768951393 -4.20674373911092 -0.206624091977446 -0.16114934453657 0.842667747527161 0.513752816082745 0.861805942267064 0.373831268754262 -0.342842092478092 0 0 0 0 0 0
1.21382224781496 -3.93959007561507 -0.560651003803459 -0.0801381881939337 0.419201383346846 0.904349529215939 0.905879486600497 0.409165150556868 -0.109390288994028 0 0 0 0 0 0
1.34219578578281 -3.43065299884905 -0.629784289146443 0.256721435164143 -0.0706900740247643 0.963896788127043 0.825835872781557 0.534148515341601 -0.180777417797379 0 0 0 0 0 0
1.62203935143124 -2.98966952536463 -0.487205144356665 0.370513505591662 -0.509400418541717 0.776679442089025 0.726209558826171 0.680206993381038 0.0996901340406101 0 0 0 0 0 0
1.73469064130153 -2.6189158609971 -0.174146439841479 0.711630766572656 -0.6750554211579 0.194632552345594 0.616280826973662 0.732821465764453 0.288393206611218 0 0 0 0 0 0
1.98078828384593 -2.44998236674032 0.272688929547043 0.696215095339573 -0.61695986585148 -0.366940138101342 0.708638089720565 0.672271158047045 0.214204453397343 0 0 0 0 0 0
2.41693845968636 -2.39899574526681 0.562166694374706 0.364048210699231 -0.156772431235904 -0.918091120254999 0.615405075916472 0.780389268445303 0.11076634069807 0 0 0 0 0 0
2.90616557882046 -2.28388939745094 0.629692974307353 -0.169875945662638 0.194985767014611 -0.9659827709369 0.703513166665043 0.710409706734163 0.0196792506665582 0 0 0 0 0 0
3.37514126801278 -2.09559581727819 0.524112057449945 -0.566948986920402 0.309252128293084 -0.763499814915583 0.642170654738174 0.746432419538858 -0.174515023005214 0 0 0 0 0 0
3.71686468370869 -1.83012637136565 0.179936630370558 -0.86239456831483 0.495367750408993 -0.104337914469342 0.506223087751098 0.84536824120643 -0.1705600251738 0 0 0 0 0 0
3.84852422472204 -1.4057212341027 -0.156199351113976 -0.843405318861621 0.286099694213451 0.4547685489201 0.19452470863077 0.951609678360663 -0.237905775008542 0 0 0 0 0 0
3.76806998437118 -0.910253360832663 -0.386069423415016 -0.377279149960171 0.199555584806083 0.904343967513485 0.0421615380815662 0.979196926785951 -0.198483710363207 0 0 0 0 0 0
3.53407472908293 -0.451403137637398 -0.519745242936083 0.176300937026489 0.116610778750609 0.977404678668343 0.0113743713652694 0.992650423869623 -0.120481366474306 0 0 0 0 0 0
3.26352985328759 0.0258308866465209 -0.338357134273559 0.706658309360297 -0.0775730949776923 0.703289733145333 -0.0420143485127731 0.98761755297419 0.151150135879274 0 0 0 0 0 0
4.20047366184255 -0.0959204998405525 0.411989053409474 -0.83199951022252 0.150985023138754 -0.533835496925111 -0.272671476128796 -0.949297255546751 0.156476792902827 0 0 0 0 0 0
3.80331448534371 -0.333308951990674 0.652663235411826 -0.290900603252074 -0.141189526573617 -0.946278160275031 -0.392147275738223 -0.88456064603822 0.252533121810863 0 0 0 0 0 0
3.36853781327534 -0.690677133316274 0.663738435647765 0.437762445506808 -0.255740933286074 -0.861951632254303 -0.287859202075899 -0.948094986462742 0.135103576653 0 0 0 0 0 0
2.84966322912265 -0.994499935160599 0.486359561235442 0.798084699664471 -0.283841165763243 -0.531502591507933 -0.404646376404018 -0.906063855688162 -0.123731966276342 0 0 0 0 0 0
2.69926179753189 -1.31982248014326 0.0629827392047844 0.953563560523745 -0.301001718282061 0.0107005435623278 -0.285364142891374 -0.91424854492307 -0.287605465973661 0 0 0 0 0 0
2.68282874077664 -1.62880486345705 -0.338100606618337 0.560339713605065 -0.495432029513861 0.663751843303483 -0.403168443371406 -0.863180254546147 -0.303932647853322 0 0 0 0 0 0
2.64397584522731 -2.19559179951897 -0.511035640696413 0.269124994292751 -0.000783195073872534 0.963104939273181 -0.408110231419195 -0.905874356394929 0.113303527910861 0 0 0 0 0 0
2.82669834050008 -2.64864747783589 -0.543715177426311 -0.323524918914251 0.275431685953761 0.905245277929797 -0.505801553083936 -0.858880334148403 0.0805565671500783 0 0 0 0 0 0
2.85477384949476 -3.16370256012103 -0.263134835833997 -0.71062803514235 0.576771327866444 0.402917647939261 -0.602891970825035 -0.794397880864065 0.0738463160448427 0 0 0 0 0 0
2.51920177302119 -3.46703487529832 0.0968880681125555 -0.581799291050239 0.810362946951354 0.0694368716299999 -0.759875078590117 -0.572015683388385 0.308849353075856 0 0 0 0 0 0
2.19087541347683 -3.54554599893094 0.402731943810288 -0.4835493490862 0.542406042219195 -0.68700488525368 -0.836880874388755 -0.516508226040515 0.181244736516105 0 0 0 0 0 0
1.66029855419937 -3.62855386499396 0.542733402382035 -0.203492980971714 0.226491085432775 -0.952518973519548 -0.962694306400572 -0.223511335530765 0.152520016106615 0 0 0 0 0 0
1.1391585505609 -3.52313716160454 0.556296801773589 0.0541130803733174 -0.308980143772996 -0.949527801218341 -0.995623285008648 -0.0892596431665398 -0.0276945924392668 0 0 0 0 0 0
0.673849744831141 -3.28323632842597 0.439767797237533 0.16169904557194 -0.726569854484641 -0.667794628022193 -0.986718363951587 -0.108408096745754 -0.120973364013158 0 0 0 0 0 0
0.194251186091625 -3.21232888683478 0.142170831632983 0.296063697775855 -0.949153340280681 -0.107024406063829 -0.939626959173526 -0.269282357024012 -0.211159157485296 0 0 0 0 0 0
-0.104805816841957 -3.30079658152138 -0.299800069566551 0.0236689318378064 -0.829247510201228 0.55838011111672 -0.998036269159755 -0.0520010878992054 -0.0349212299176897 0 0 0 0 0 0
-0.510939520007458 -3.65291042574706 -0.494702134927996 0.0160527898861167 -0.327809086641275 0.944607596122477 -0.981769259972673 0.173784822147602 0.0769932189470577 0 0 0 0 0 0
-0.957504076722648 -3.9354011715423 -0.421438191667207 0.259375043055567 0.355793277245816 0.897850617255795 -0.945860933962787 0.281407867846849 0.161730348163051 0 0 0 0 0 0
-1.399287003238 -4.05952779667459 -0.110220861375245 0.388874327741824 0.846855528147323 0.36278433217225 -0.916642115628423 0.395159763930814 0.0601331258657813 0 0 0 0 0 0
-1.78833489280432 -3.8480932780693 0.214337893666926 0.481646655023184 0.828839119666547 -0.284679141166606 -0.833354150045368 0.5336863783735 0.143873938365269 0 0 0 0 0 0
-2.12131869070291 -3.48008517423785 0.486610175434707 0.418327665919404 0.541233046329164 -0.729430430875813 -0.806376788462538 0.590914907624553 -0.0240009786445905 0 0 0 0 0 0
-2.36461649640196 -3.09591416794991 0.59973786031731 0.201122751666049 0.153205447330777 -0.96751110054121 -0.666026342770472 0.745649830132641 -0.0203774767560356 0 0 0 0 0 0
-2.59104077731974 -2.62396572655113 0.54185367610482 0.0634261570887301 -0.249919484291923 -0.966187028461991 -0.547083514666992 0.800999177987585 -0.24310480217969 0 0 0 0 0 0
-2.56572904758713 -2.11258211061539 0.37432182022061 -0.510609910035856 -0.54952555767838 -0.661286005621962 -0.491920117549966 0.81750265113492 -0.299506282633601 0 0 0 0 0 0
-2.56360199798494 -1.79521553014273 0.0330024480391824 -0.798227997343384 -0.584926842411865 -0.143849411827979 -0.445916906506052 0.734371844704515 -0.511718776475305 0 0 0 0 0 0
-2.70470271243138 -1.68657478548524 -0.415117176416636 -0.845661194345333 -0.198338268210022 0.495498815076157 -0.408186430757018 0.838480014661758 -0.361019532378335 0 0 0 0 0 0
-3.08254825848702 -1.42800592176033 -0.653924367250376 -0.348915397872694 -0.0166701197147134 0.937005951014206 -0.349951249404066 0.929833622150279 -0.113769759424122 0 0 0 0 0 0
-3.47114279750311 -1.09389301036819 -0.704845761819952 0.175707944905768 0.0757215897446227 0.98152583203069 -0.255243549098926 0.966445807216583 -0.0288657644427168 0 0 0 0 0 0
-3.88598823857817 -0.711619471249159 -0.493754911659499 0.779866901329312 0.114725649561673 0.615341889963351 -0.239790323485127 0.962822428642322 0.124392811955514 0 0 0 0 0 0
-4.10237224381414 -0.343784481404008 -0.149788521905361 0.973563109647353 0.214486997868551 0.0785506160326949 -0.227644048720763 0.939375909347817 0.256419749666408 0 0 0 0 0 0
-4.02833775425591 0.0173631460155317 0.222461843846531 0.871261794676602 0.189704476029075 -0.452675487420561 -0.0647930995891567 0.958669453951988 0.277046444310376 0 0 0 0 0 0
-3.88783632362884 0.383892019959246 0.542173280476158 0.37020316272383 0.0994731897328881 -0.923609605208632 0.0938974692591687 0.985151164623596 0.143737427650179 0 0 0 0 0 0
-3.50072391219089 0.750319156023806 0.544392355849169 -0.27178623899311 0.0794046110755449 -0.959076195113779 0.352105365768539 0.935694386201224 -0.0223120377491046 0 0 0 0 0 0
-3.04640989624508 0.992900827835642 0.269699894667959 -0.758826655662835 0.240068737464817 -0.605432992120189 0.381604985552264 0.917193835887057 -0.114599748745102 0 0 0 0 0 0
-2.81133207249512 1.32997248083603 -0.0544799712251791 -0.918770114780614 0.371828366844299 -0.132684369071591 0.394120823455634 0.844250263546394 -0.363194533302058 0 0 0 0 0 0
-2.75101182091696 1.58575304782451 -0.433993724644973 -0.707079633583499 0.506075846528355 0.493888276163769 0.477702668447172 0.856820872335981 -0.194057087703225 0 0 0 0 0 0
-2.81488392764248 2.03891225929195 -0.673953168299226 -0.216741259487499 0.183039339023092 0.958915964412819 0.467944456144187 0.881544915887884 -0.0625023778440298 0 0 0 0 0 0
-2.77353836680716 2.58468306487967 -0.695306012348357 0.0183194614192955 -0.213611508629517 0.97674690719466 0.495791207579571 0.850284558827499 0.176655731597686 0 0 0 0 0 0
-2.77837991279608 3.08182579820983 -0.408517311660596 0.546567124467882 -0.536749876030114 0.642778304730765 0.529051054371483 0.816317102944479 0.231800278922924 0 0 0 0 0 0
-2.50004768552256 3.50193884077392 -0.0883997454957424 0.578721340777549 -0.813252904348139 0.0608385017727211 0.754662221879838 0.562317283959033 0.338059466704203 0 0 0 0 0 0
-2.11287967487477 3.67391370831602 0.172940214038327 0.471988713937119 -0.774825295549533 -0.420562023122115 0.868843230158276 0.327943831359793 0.370896595941778 0 0 0 0 0 0
-1.64337399485275 3.46907931679544 0.505693814202708 0.252029062056384 -0.199388995144026 -0.946955849284658 0.9317034482349 0.314474020158092 0.181754711611032 0 0 0 0 0 0
-1.13218223989881 3.32089548683542 0.608771089685911 -0.0692915667372072 0.181789130326453 -0.980893159765249 0.967121206019667 0.25341790549874 -0.0213527056760464 0 0 0 0 0 0
-0.689158003257472 3.16783416684938 0.477484239113272 -0.192785858313426 0.68220707301619 -0.70528513550268 0.980722763835628 0.157317485831602 -0.115905431909974 0 0 0 0 0 0
-0.25984679479118 3.07463275421413 0.165594349439417 -0.271761271003656 0.944229256260101 -0.185948711221621 0.94803890083646 0.229455691829904 -0.220391306515614 0 0 0 0 0 0
0.0206991555597309 3.18870176799881 -0.310568119547336 -0.00658144356996494 0.856914715279163 0.515416196232296 0.957583708368622 0.153888318192652 -0.243622303968322 0 0 0 0 0 0
0.388681244600226 3.48180723825695 -0.583118346597381 0.0667440516752859 0.246536249953497 0.966832513429718 0.982596511696801 0.152107063227117 -0.106618649952541 0 0 0 0 0 0
0.842415229330912 3.79428446949892 -0.569780509037024 -0.0518966074584026 -0.292093626256768 0.954980657204361 0.978222957188283 0.177566547871503 0.107470773267946 0 0 0 0 0 0
1.41533393554201 4.0103799224385 -0.402554072975015 -0.383221057246147 -0.665174622201793 0.640846583248947 0.922604224548363 -0.242552212113626 0.299949777870043 0 0 0 0 0 0
1.77272797526259 3.91168646284554 0.0123146500006097 -0.495285051636152 -0.868725409506849 -0.002980017266581 0.833779724248222 -0.476319141767273 0.279162043656802 0 0 0 0 0 0
2.08327433544365 3.67249758997308 0.421072629110352 -0.308101729334529 -0.636218882683774 -0.707318073922678 0.8421907933238 -0.528200310074014 0.108254792403625 0 0 0 0 0 0
2.371256856447 3.18629522000333 0.606381523959062 -0.133407526443685 -0.204543492815763 -0.969723873808884 0.69747712081091 -0.714511886852057 0.0547579171667558 0 0 0 0 0 0
2.46800787183071 2.62940603034504 0.583871530192734 0.181591441051508 0.308614719132181 -0.933692403134883 0.738623372186478 -0.669627747254455 -0.077680075738932 0 0 0 0 0 0
2.54681753660433 2.19513931072095 0.410964837788947 0.507510515043269 0.517622333855713 -0.688839746685889 0.500539812921282 -0.827831540633739 -0.253288049486538 0 0 0 0 0 0
2.56822000005807 1.87919596520116 -0.00897834612099402 0.822001019892123 0.55820324280915 -0.112798328948913 0.522913128915489 -0.818273662616819 -0.238725936327564 0 0 0 0 0 0
2.87974711247433 1.63641441048598 -0.377582842509742 0.669814249726814 0.401805470515521 0.624420719328496 0.585288083339279 -0.803192449867671 -0.110994360111682 0 0 0 0 0 0
3.32497643280214 1.41809717886984 -0.58901084623775 0.215327798855694 0.124279039683136 0.968601393420123 0.630724341094 -0.774934443706848 -0.0407849666948306 0 0 0 0 0 0
3.83779522052782 1.17829432606403 -0.515983815120595 -0.496324569650708 -0.0976562663546682 0.862626903824996 0.459416940481114 -0.872658319830369 0.165540120906697 0 0 0 0 0 0
4.17233601746978 0.75056612313031 -0.282388204307052 -0.858023925082107 -0.0310748185262772 0.512668801118486 0.193019716134188 -0.944508386512475 0.265795592497495 0 0 0 0 0 0
4.3319452171253 0.344000124970885 0.0279969409111001 -0.999534395637398 0.0305019746370044 0.000788340681156274 -0.0300187434162456 -0.987670169436908 0.153644106454404 0 0 0 0 0 0
