t = 555813
b = 30 30 30
E = -0.759997836524451 -1.12429824881629 0.36430041229184
194.351383284005 194.195930705213 15.2065988182721 -0.11089378410191 0.986717277587021 0.118707972599533 0.40393568133142 -0.0643845046109082 0.912518822224145 -0.237290785115879 0.406263616769495 -0.384101012031572 0.0796014261381408 -0.281821877793486 -0.385301555593545
195.017355768299 193.183650127618 14.691772570914 0.997681498109895 -0.0671419247402787 0.0111171161456144 -0.0632437712929196 -0.854346583027843 0.515841197910103 0.190298071771409 0.170980635694164 0.194368115081802 -0.0421727490978825 0.208336120287104 -0.282526365396808
194.988256314621 192.617816541668 14.7285800001764 0.798923802860084 0.284267175324978 0.530012198214648 -0.137036943075156 -0.772030458583918 0.620636646719495 -0.103692057812263 0.293407800546002 0.276647611339741 -0.252302689002611 -0.14634698178938 0.321669424779755
194.0147774144 192.08771915562 13.9215081498784 0.335519610990279 -0.72680219209056 -0.599320585507671 -0.820214740286362 -0.538295348076271 0.193612752824539 0.668917489137547 0.0220348590883236 0.325919995709227 0.187042125068641 0.201771166736595 0.0665031269501424
193.53305791234 191.236694278207 14.5030102198406 -0.554708479370556 -0.823956311748022 0.115734606946432 0.238778919756215 -0.290887665116721 -0.926482052585447 0.357298501225491 0.0443773797033895 0.189945079815932 -0.0225150663344825 0.00687864832147402 0.213570009338402
192.827714895553 191.186014988585 13.8705745197984 0.255967192485815 -0.75823429520793 -0.599634513634321 -0.924236496818166 -0.373752424224998 0.0780770346210971 -0.269656900055795 -0.171942110140146 -0.222035058131117 0.0254942821147137 -0.35138163163025 -0.021526912854462
192.420431802274 191.018438582399 13.5752552492296 0.410699398581077 -0.911309543294803 -0.0289986259134943 -0.909649683322976 -0.407368493771714 -0.0811687372855333 0.507573606614399 0.165189139566092 0.0707790878391339 -0.205825537109896 -0.405884945845166 0.190873443423734
192.039672048159 190.862821319937 13.2647397443816 0.408637637303133 -0.700646799852577 0.584901139711461 -0.891494228788413 -0.443739673147212 0.0912860477406763 0.848630650221264 0.194870842432346 0.0317691824462835 -0.102470061022824 0.443247562166159 -0.166394739272758
191.782991459271 190.430305277414 13.1700059470684 0.104707757055979 0.0285069266613851 0.994094382211595 -0.827679614375478 -0.551668051708835 0.102999110050267 -0.136053916586773 -0.287553573887905 -0.444465541180393 -0.760480305275379 0.271974070692553 -0.00212395753297921
191.577716677241 189.958768718799 13.2916193487013 -0.052948743654227 0.423482322789461 0.904355656160906 -0.727050872754885 -0.637155462576749 0.255792777331544 0.2761104989684 -0.161617383697059 0.0504290168996685 0.171520569325476 0.317500595542333 -0.387155682177432
191.445463182254 189.524695077694 13.6655784770754 -0.518284608115872 0.795861830330129 0.313025577251604 -0.688278876424444 -0.605421314437039 0.399671390386205 0.638170019701454 -0.357140008776617 -0.298210209122093 0.515162984434001 0.239975712477269 -0.157576078380015
191.147743641255 189.327888600838 14.0744454421715 -0.542259523425047 0.809753307735945 -0.224174463009289 -0.78836938121289 -0.398089077132173 0.469040302569031 0.38539461141606 0.594398926344518 -0.0431031643785382 0.162103166047659 0.379733415574145 0.0582156987614937
190.755798751228 189.400961551078 14.4713491161937 -0.416004588186945 0.384706218774343 -0.823978948665391 -0.876492462816807 -0.411045101369326 0.250605042378799 0.160446347876593 0.486775743864746 0.164826921734659 -0.0697229169948828 0.243249940578171 -0.272814837224841
190.257752897478 189.29840471269 14.6038233696893 -0.129658210512276 0.409952446842451 -0.902844250009209 -0.988720767907711 -0.122293236486033 0.0864615950455291 0.363647423153818 -0.00181587500944915 0.423036619520614 -0.241343628895526 0.169068018629678 0.135222599518627
189.741279414477 189.499383093866 14.6047146030622 0.193580330368988 -0.383193321325857 -0.903155321185336 -0.96909527629852 -0.218161562312737 -0.115151544432132 -0.281317103446221 0.489600639500767 0.321240045590612 -0.159412800053007 0.258067517597357 -0.281691795023083
189.348909681078 189.776562579124 14.9416437676496 -0.553804374684125 0.62053755515727 0.555188127773107 -0.739899581953662 -0.672578027930039 0.0136895935110551 0.187055935990373 0.0734054189449355 -0.0623884390365681 0.0263416594184657 0.437730967647398 0.159172819595189
189.37401678204 189.898359296531 13.3509351124966 0.513158831973585 0.453545356930353 -0.728673193121808 0.0253859843456058 -0.856627824786852 -0.515309927713108 -0.176601362261867 0.0993048109541647 -0.0178329661352088 0.113478031755414 0.444452186261912 0.188721784910407
188.770540612926 189.004876853507 13.1099528109703 0.441951158070066 -0.897011678023498 0.00701593685430365 -0.820803420443743 -0.401223913520144 0.406572399711813 0.416001462049027 0.617798425042831 -0.350381847577222 0.279560107787942 -0.97747570458593 0.113897350175409
188.482316859509 188.593381980921 13.0623724066639 0.623396328080784 -0.492903682105694 0.60697856494456 -0.771335369149624 -0.514882315804747 0.374082810578663 -0.127381834590329 -0.415184121035149 0.239224198005855 0.129549809288656 -0.365280762731666 0.538045902998923
188.221282956231 188.16580544999 13.1816442912178 0.443064287834519 0.216374856590132 0.869986182810618 -0.648348806423812 -0.592874667616946 0.477643647196244 0.180414002231766 0.861233484763002 -0.123655140509719 0.163382503090868 0.00912479390858201 0.116684476242313
188.144698567158 187.702100886038 13.4895246908526 0.139324840562433 0.756431028772517 0.639062350254186 -0.707578485928657 -0.375435367948494 0.5986492886025 0.260416775920935 0.52584990384187 -1.13193522876673 0.297110326680977 0.109415593992824 -0.0317969712355443
188.003239745694 187.550413278503 14.0096704139395 -0.181971997069635 0.975376477904778 0.124607056913086 -0.846035554361285 -0.219886854742964 0.485668211712246 0.45776015743581 0.155035727387947 -0.399309304548067 0.263660993134845 -0.0841926345083093 0.0217100549688194
187.777313987666 187.555772983937 14.4365147435864 -0.349577482561806 0.894747037538139 -0.277890846381244 -0.677619673001357 -0.0366246074516667 0.734499977461229 -0.391834314934243 -0.153666887751201 -0.759481706289377 0.455980872273875 0.0438111015876458 -0.572291507732076
187.701470510415 187.787327266906 14.8845918855834 -0.79701575497205 0.292155417788302 -0.528593509403246 -0.548527383950964 0.0161120682867497 0.835977338395895 0.701828274601882 -0.0182818222201603 0.100280342469594 -0.0423604945861218 0.194196906990951 -0.0439934317677882
187.378670542862 188.059351263444 15.2482706311084 -0.663519259056407 -0.312051621509461 -0.679974983638784 -0.727107343250106 0.0548771416014837 0.684326976467679 0.371856518951455 0.449631553125667 -0.00626249943091994 0.35101380771551 0.201881927924543 -0.175969577255939
186.876784454244 188.216040162728 15.3993468645834 -0.354049051069035 -0.832671590750352 -0.425801939162326 -0.790344208708244 0.0229754396956749 0.612232113607343 -0.201452397984312 0.343387931842754 0.172908756097505 0.0210426587199069 -0.476565545351506 -0.269795249144817
186.252953782987 188.277772911835 15.5202483206208 0.0454452964931897 -0.956606333225691 -0.287817734441478 -0.823568480436531 -0.19894432409498 0.531183691336447 -0.370933357412741 0.438875088550384 -0.353123227646358 0.256278953650945 0.0967243167505812 -0.165546219754607
185.695621834166 188.104953559673 15.5507029612941 0.537428468575868 -0.839695530776584 0.0779875423257216 -0.638574120255933 -0.344807386624232 0.687990522513768 -0.0027888357398922 -0.334013495778572 0.0960458959165138 -0.288421072736732 0.255986562791127 -0.238970489655004
185.354323107951 187.721631981986 15.7373626305532 0.897939550642314 -0.120641497520065 0.423261376065039 -0.437925813916008 -0.340792752471805 0.831914227170536 0.190446751715397 0.150556319626588 -0.0572966048616884 0.165352236263643 -0.0970204486378193 -0.099003579516536
185.194895158437 187.371070628867 16.1540152599183 0.874053746420761 0.384408214378083 0.297086474088933 -0.197570659913774 -0.277409862699455 0.940217848383179 -0.223438393795612 -0.0920745703109095 0.326974543996489 0.605197244980804 0.0867140749014509 -0.165461953920147
185.370958998247 187.103846182198 16.6342511374661 0.388854092283643 0.900019529467386 0.196868843374091 -0.0830396476748212 -0.178577195708722 0.980415525217222 -0.121734263340038 -0.0908508106624158 -0.0644987397785761 -0.778208187740896 0.0138432128735546 -0.748300695793721
185.563684685532 187.10570727907 17.1809626501483 -0.511745056537846 0.82487853904081 -0.24019240816261 -0.434054718226038 -0.00696553991380801 0.900859579978711 -0.385345368311841 0.041000141735307 0.462790356042541 -0.0384367338165347 -0.156681407696885 0.261872060207433
185.615288746028 187.617091529311 17.5795426915698 -0.247827355037227 0.76590220945119 0.593275153409542 0.968385728075872 0.213836279512357 0.128464497910427 -0.184336100404923 -0.396794762431469 -0.237769835282145 0.327505216494137 -0.278229594828568 0.220593032538806
186.109412813693 187.815371551299 17.5751675864725 -0.458239376430164 0.434626275439354 0.775317144519958 0.83900629373607 0.499456555026891 0.215897171616427 0.15730703457327 -0.287176702940764 0.298264727477295 -0.350255386467989 0.0366121808830681 0.0805201293236672
186.369717454653 188.335956461014 17.6345022467069 -0.171722361407769 -0.156370327437082 0.972656029277392 0.872560359731641 0.434197471957974 0.223854805555569 -0.0495665424153025 -0.465758892679088 -0.0259754276386046 -0.259760022676346 0.120661616983908 -0.599475557127016
186.587123535191 188.753700709477 17.8788454466434 0.0605764624368618 -0.691316051871821 0.720008755934991 0.908188558270676 0.337465922949292 0.247609154665535 -0.0373047059550857 -0.114696007834072 0.488311926210798 0.0469724401634976 -0.447474162783611 -0.374047592112474
186.950195530656 188.982430148345 18.2611215064074 0.137962326800421 -0.970871331052314 0.195896030905219 0.90257372074208 0.204682584290211 0.37876868708235 -0.424640531986133 0.568483655746076 0.0238803583647336 0.631029567162678 0.189506512428291 -0.391924983091713
187.285280494992 189.054106405015 18.6750192404305 0.285870253423328 -0.826008503746212 -0.485786115432057 0.956547723648273 0.215606947716803 0.19629084665223 0.154131120493641 0.107896567107542 0.11610221897646 0.549040049445733 -0.0977439986324617 -0.0745808064818804
187.797109543457 188.847127187987 18.9424133726754 0.128962140767952 -0.354942255684177 -0.925950733774966 0.972022579011337 0.230101409227827 0.0471746474658143 0.292586334831711 0.277617739724785 0.793145435150628 -0.283041747875483 -0.298041080071729 -0.0875935123334921
188.324939154422 188.728405880714 18.9378882056201 -0.332585652402456 0.183267395268756 -0.92509450633301 0.906784638945992 0.331638109490366 -0.260303251814589 0.0515076725053161 0.256047305167212 -0.365219128664967 0.610318604716553 0.492847771308534 -0.298817922635927
188.76076834505 188.569796050668 18.7734356803069 -0.293438019976799 0.647684491291827 -0.703135071072439 0.955292881718194 0.170821457358514 -0.241320409092313 0.164829552281419 0.412218746954306 0.114518252819809 0.118308264260303 -0.15566207858013 0.458046191278965
189.140320883555 188.628937780909 18.400518428817 -0.344850704586046 0.937165206281186 0.0529090510448339 0.921102951752867 0.34871360361603 -0.173113185301509 0.169499569414839 0.0410315396208427 0.426375621148126 -0.0554432056698233 0.0513601298199184 0.150685046358762
189.388467924476 188.880557814605 18.0315423657482 -0.165005041690902 0.776207762986255 0.608502132203716 0.783376314597332 0.477989503953389 -0.397300369793672 0.503538599652778 -0.0939935822028323 0.197987887746128 -0.514237975496334 -0.0806699188226567 -0.759059076109583
189.640436074284 189.243815608265 17.7327671467641 -0.209965727324203 0.539206733913844 0.815579849831497 0.605625919650204 0.726595909228147 -0.324462062714086 -0.0978998198314893 0.122128462206061 0.064761008238038 -0.209317240510939 -0.14339274831311 0.401936786103455
189.701736367195 189.726270118336 17.5523013748346 0.166047206448054 0.081590770660232 0.982736623604659 0.479561234446067 0.864107771758731 -0.152770354462962 0.303444985859776 0.214225006976061 0.153650392391306 -0.078724162937824 -0.48174737290689 -0.283330774296286
189.745743266388 190.214230607675 17.5261170122082 0.722159110775714 -0.268527807697163 0.63747865471487 0.470266087045997 0.866432438395882 -0.167763634527905 0.0529883601750833 0.335138100143887 0.0511412859967001 -0.214541091595391 -0.138437085321615 0.0146642744041295
189.97671182384 190.712998200119 17.7589619454395 0.838833942462112 -0.544297219173722 -0.00990727879684286 0.541232727866656 0.835791275451445 -0.0923042694853396 0.799710582554294 0.715910039426134 -0.634680853133352 -0.347524365315947 0.365249958657179 0.108010275364812
190.411045029764 191.103981324324 17.8985548865321 0.534912773237458 -0.780213131765012 -0.324246501983914 0.797267142866648 0.593146854087509 -0.111990679930614 0.553134113478074 -0.374286193529224 0.230066983350159 0.4095488824964 -0.403295869976229 0.246013354051296
190.88104928158 191.244732438113 18.1695072160891 0.243013891587304 -0.539077334918222 -0.806436529103863 0.831445938541042 0.543976460589206 -0.113080774707391 -0.0808069814978105 -0.0304828780444002 0.351941731274576 0.182401369959585 -0.53517112156654 -0.193705343463182
191.413069936741 191.274375954785 18.1083266636263 -0.291571797300269 -0.0346258425426629 -0.955922035548535 0.72401633441385 0.645108257521249 -0.244204184197738 0.262297125308462 -0.0642417864661725 0.602904665069208 0.173767406446893 0.528414140630692 0.049567851587139
191.897410998054 191.500860577191 17.9273774570983 -0.612366385955258 0.118016386511247 -0.781715767953317 0.69383781929311 0.554181464025114 -0.459860832697629 0.430678918880878 0.7390026056057 0.302695804641612 0.354524446491989 0.303251055869987 0.0181587921779548
192.249322620912 191.602605067504 17.6639648898893 -0.755052932595762 0.408401375478876 -0.512936044244641 0.645495419716113 0.325771464044478 -0.690802878062722 0.177815310712761 0.0379644136007372 -0.40441122332854 0.179947374254116 0.186264423077528 0.542185613715266
192.421260704214 191.618776720019 17.1664770778068 -0.706942515665044 0.698185147988047 0.113003445408525 0.406721267588288 0.532023040851158 -0.742650183124555 -0.430817516903409 0.284024756814744 -0.670460057048132 0.0511796329819286 0.493174414467407 0.405145792153822
192.238817386237 191.579730163092 16.6966195317553 0.119571846174583 0.932913701879418 0.339668365391875 0.326958149347284 0.286037361497928 -0.900711383520139 -0.120162004250247 -0.237328346001454 -0.00872366265901938 -0.834625973527796 -0.0425683496914935 -0.520945235810589
192.237012440347 191.908977183411 16.2565900373001 0.409812283825568 0.701338808963926 0.58324760356706 0.278564295258285 0.512636601722696 -0.812161097308587 -0.0255282846594271 0.480567607626137 0.428394118925462 0.0496364930955195 0.361677554846803 0.283934302713621
192.136876796111 192.270528476639 15.8969214645784 0.825849748101129 0.282729237865573 0.487889712555213 0.266227390978338 0.56722427598928 -0.779345621031723 -0.18966913091588 -0.464672716619978 -0.362941479073562 0.475498048917518 -0.286057375216447 0.678587563478111
192.221495359972 192.821823085034 15.6707888726283 0.886817008645906 -0.263124097871368 0.379896436276932 0.459717272158794 0.586047172502889 -0.667239643067117 -0.430976070717088 0.253489447509286 -0.31738163441415 -0.406660101675819 -0.0778833049725645 -0.194781399846348
192.4984116364 193.29317381268 15.751654357745 0.706784489792038 -0.707147583804637 -0.0199494287818542 0.470369818065564 0.490817849411104 -0.73338262384131 -0.198673277225102 0.120240119709246 -0.461419308242079 -0.0844019674855977 -0.282997257017357 0.0571999695895281
192.945132959427 193.522678450505 15.5802632533621 0.00174090865064193 -0.917298060529427 -0.398197485408943 0.351363443338761 0.373369662666069 -0.858567892298447 0.284933232102704 -0.228028589011243 -0.423256818543748 -0.174334123354347 -0.318630202453058 -0.127427274036819
193.37368568188 193.473083528091 15.3672007846632 -0.691839278098794 -0.425627250270528 -0.583266540362964 0.471358606520174 0.345697190902333 -0.811365833802324 0.226503580947931 0.26639157125666 -0.602277635971279 -0.124405983960125 0.160176277892973 -0.286191365425579
191.996211631817 192.257817856034 14.2475589950699 -0.75836055526207 -0.234571602711669 0.608165628282179 -0.0340333131350076 0.945981312059605 0.322429978182924 0.413307852715116 0.265938485753323 0.157922328990686 0.777310317710136 0.194255694101334 -0.358873706924638
193.180087720421 192.45608641452 15.0985814889807 0.000827452273358698 0.891305899485453 0.453401708052722 -0.236073675948619 -0.440412415314274 0.866202126504623 -0.0286394467101779 0.75460144717844 -0.0643800818581219 0.0806890150072218 0.340768482331029 0.147143326967762
193.300130446114 192.409154572387 15.6238094528299 -0.592814170353064 0.796394213453552 0.119698020895649 -0.34517693831189 -0.38555035289286 0.855689082927812 0.60016400654926 0.437563152616301 0.507112012890863 -0.183698799721956 0.399224948456047 -0.575178025958055
193.281957397927 192.442226038588 16.1237761003579 -0.898859041273198 0.280642249609356 -0.336589292247394 -0.408038734553545 -0.255774533909147 0.876403890285477 0.123238250755393 0.699857253455989 -0.229152210167263 0.074318067279394 0.438236780152573 0.29628330687202
193.071732671157 192.575001396582 16.5625586226069 -0.837552219471132 -0.158638971241898 -0.522819238802772 -0.493753203882373 -0.18990764136603 0.848612315139655 0.516606189069924 0.204587918386194 0.12108423029597 -0.272427536889497 0.0118712700043496 -0.0289929006418313
192.75482143843 192.735053430584 16.8975950181372 -0.440071919312642 -0.747828691512056 -0.497080430095433 -0.551425368416289 -0.211836537090628 0.806880006333288 0.58182332992656 -0.104416876541063 0.224948130244342 -0.127450122661951 0.101641975839044 0.410308869296832
192.181389477526 192.821786410854 17.0911495091226 0.0963475803659242 -0.949270423528546 -0.299337279288012 -0.734683787684262 -0.270722115745013 0.622052464154323 0.207981904704938 -6.95243672134436e-05 0.0670059600566648 0.0313228337882452 0.166189797900942 -0.569138988548807
191.678713282267 192.6066771396 17.2628043016384 0.572090180392227 -0.80774709814357 -0.14232867223236 -0.652702147186157 -0.553443354086094 0.517378353699215 0.362496398506485 -0.352049595176793 0.0457863607887138 -0.107415351477691 -0.351316425214706 -0.472957524993349
191.362853833811 192.2268493201 17.1541539185758 0.751516913640081 -0.501426321201161 0.428711992973737 -0.659427505021922 -0.590098505971559 0.465767236793966 -0.116934331799867 0.0601352917712694 -0.35079669076759 0.0253578581446922 -0.260098082232106 -0.322755958073565
191.198553706552 191.741040730749 17.0495268173371 0.623918717276613 -0.281627632016727 0.72897963696975 -0.561394540021615 -0.810443028445876 0.167386582728067 -0.149209252076461 -0.538846260884419 -0.433045127157801 -0.322933086797986 0.609071264194538 0.779337061612476
191.211633388992 191.155824193987 16.9817710769327 0.117179571241417 0.102138428150125 0.987844466289455 -0.522159965101178 -0.839772054398494 0.148767830853646 0.355816845775791 0.119567702504535 0.0632513453282256 0.0728979403703937 -0.0294863954597237 0.203099574634602
191.119375963409 190.629970507455 17.1477874674719 -0.1197139238525 0.522276654633435 0.844331494414809 -0.459634226088943 -0.782973286554711 0.419152968198125 0.0199558092530475 0.42577842216359 -0.00135707807826688 -0.16647185235755 -0.0842548244594237 0.0589706465072119
191.023509196417 190.233139824684 17.4291646813866 -0.60723227432912 0.632869745693443 0.480359084434754 -0.432582626487454 -0.770465845804651 0.468246357924719 0.167910786190328 0.321249578970232 -0.299293784269941 0.320007954663496 -0.104757780766288 0.09467965244028
190.86191053112 189.915680578616 17.8209524893459 -0.69191931439497 0.720204879083699 -0.0505232076499246 -0.621198435180238 -0.558217800545272 0.550004901145447 0.457762187397074 -0.000668745086570751 -0.387361741819685 0.422125608735955 0.385392397146205 -0.35583161668234
190.618601099093 189.890384448377 18.317102825238 -0.764979462139969 0.264875195200923 -0.587066907150497 -0.629406231377548 -0.50075097791624 0.594219028657822 0.248990492183061 0.359764841403107 -0.345055302246491 -0.190883610668234 -0.189819944673501 0.0541713645236425
190.119923758658 189.850610813427 18.6550566925352 -0.531482945297853 0.0761256962791745 -0.843641367657796 -0.750163284399008 -0.504871507357936 0.427036073180916 -0.0747156541721965 0.150744229174515 0.0371190965410359 -0.587054703029585 -0.133241121562878 -0.293748101091445
189.603733006793 189.772240814736 18.7206254306906 -0.0615725097041475 -0.34184205926391 -0.937738147121545 -0.920430742566769 -0.343921881562747 0.185809008178733 0.464233095560424 0.212869537316059 -0.0817152259189585 -0.0207105490726575 0.703597183495196 -0.349260277854682
189.062159726024 189.870539095302 18.5679519795275 0.369802490747899 -0.764634262367047 -0.527807315837023 -0.920700725933646 -0.377842876861047 -0.0976981763933703 -0.026021948936216 0.496509080734753 0.287159832021034 0.209397082540875 0.492889089003181 -0.533879009113051
188.594545219204 189.738218750461 18.3018662755486 0.458001239976558 -0.887889332939311 -0.0434441783498598 -0.881095505071676 -0.4469283416972 -0.154679566621592 0.349356646078354 -0.16885212595716 -0.0719519834216596 0.21546707347849 -0.58349372877132 -0.493714388835139
188.33582353193 189.446410553138 17.9606049311661 0.315503560661782 -0.698005660977979 0.642841816042194 -0.769309640482516 -0.584748992825867 -0.257354410200821 0.075189412231728 -0.240543776520914 -0.141493306042061 -0.00879758551236081 -0.210131105107813 0.2870858218156
188.051662930541 188.895990839846 17.7993941682041 0.243361846470977 -0.359458861430409 0.900868657808355 -0.786428099837302 -0.616764519839638 -0.0336507184664476 0.504966065706459 0.238515292101191 0.0313005819695925 0.159605844383416 -0.631359762800941 -0.103358187499346
187.883158966442 188.373514995221 17.8404968356727 -0.0844511659885756 0.4318024019356 0.898005950005789 -0.863977205916975 -0.480703085698866 0.149893065401748 -0.0505783809434323 0.126743482571854 -0.103670155861887 0.116836221017668 -0.251770873301187 0.613566987937023
187.580903668972 187.984822991714 18.1913437473973 -0.20532808751994 0.889021929329997 0.409243675144506 -0.95774734073443 -0.268571285974219 0.102905275211092 0.240044589313583 -0.144908874964052 0.305440264690397 -0.646163457237517 -0.131316986465736 0.0244114883882242
187.143813221562 187.840665157154 18.5350503136494 -0.169916928750289 0.955065150285387 -0.242855504434996 -0.983746662513291 -0.178909268899371 -0.0152963229507213 0.206257490717575 0.801075796531894 -0.557524994566879 0.661993904271172 -0.158804508395754 -0.1129604470587
186.58146303112 187.963432099776 18.7405647212511 -0.0455769687393225 0.698794757597567 -0.713868774127773 -0.976418724026372 -0.18211641913585 -0.115931381652394 -0.437963124506346 0.54284334611138 -0.500647259928699 -0.0046581343524151 -0.165703933500812 -0.196926520944324
186.055725292113 188.101766534376 18.8052992143006 0.279672099771351 0.170430923035612 -0.944847509962704 -0.945958721093821 -0.119343573048378 -0.301528123992829 0.419689992574372 0.230300727034265 0.227404257623448 0.530305790586067 -0.418456671010403 0.508276358775413
185.58731534872 188.363440611189 18.5836100129968 0.455732867627768 -0.378330944164951 -0.805712883135812 -0.874391252571891 -0.0208863384392488 -0.484771800223941 -0.363271967231126 -0.154451563221931 0.339274476153831 0.339263387084938 0.585823192290775 0.0683917977631894
185.329348703813 188.609358128309 18.2323946318854 0.209995008649801 -0.869663268544392 -0.446752611281506 -0.876729692294831 0.0347382423833932 -0.479727319593886 0.332917212878508 -0.00725345700169783 -0.650289910237424 0.190540504641086 -0.825865323695985 -0.592118055558697
185.036106653748 188.571918546839 17.681507888083 0.139527775209318 -0.9825164447235 0.123261655810038 -0.902270979327634 -0.177432063556106 -0.392969391537522 0.687427984861131 1.06093813189533 0.030710980619549 -0.370897829414602 -0.196895097291371 -0.314500835764022
184.708047064715 188.279595996429 17.3786299913173 0.0490020217915072 -0.644524544408075 0.763011738779881 -0.911876660418548 -0.340566865608863 -0.229118236361071 0.402501881636155 0.15582532864118 0.669891315860969 0.515182184047869 -0.0640753851536524 -0.0572507506405181
185.25395938262 188.236586014786 17.0304845901169 0.527812762072917 -0.82651591475259 0.195665865325635 0.615981081507451 0.213879152636924 -0.758170835163278 0.876296804941634 0.795097288745054 0.0786470940347397 0.0360299712660325 0.247047681984089 -0.106791896605073
185.791283588003 188.154999485814 16.8571787517252 -0.376861160175611 -0.906966736075693 -0.18811434183326 0.39776235981229 0.0249488030537643 -0.917149203969957 -0.0426294352213326 -0.303298201818331 -0.567917199983098 -0.233434841453936 -0.286640516993028 0.00626303925683744
186.126682317234 187.93666110605 16.5655488342445 -0.791834451995756 -0.473093069439271 -0.386239754920622 0.489764069937731 -0.114060343302739 -0.864361841987309 0.447826952939673 0.419712735747565 -0.0219151668334796 -0.120137020843142 -0.31115415725268 0.0733344587006573
186.45329065103 187.549898873342 16.2475990964417 -0.880863290482809 0.175469830858486 -0.439647815800693 0.434728606031063 -0.0676701554946761 -0.898015472669385 0.504982164840355 0.0139425242163853 -0.285102355433738 0.312824107196006 -0.157315082468321 0.473614135761248
186.354913277028 187.143003811807 15.8016957770458 -0.523896304919905 0.774693312991869 -0.354094524805131 0.51830591071594 -0.0399523084528829 -0.854261550092391 0.577080098115339 0.244573840641875 -0.33235127300944 -0.00290101316742595 -0.341956802413344 -0.303804984195718
186.347373110382 187.118902919407 15.3184017420251 0.0414246874509345 0.995437146048211 0.085958615257631 0.392164482601891 0.0629295153945606 -0.917740101923068 0.147346826604284 -0.413660310855687 0.0627047444980975 -0.02841063011711 0.419049722213248 0.000353302749097935
186.433397504403 187.289649628798 14.8253491630091 0.448796986836537 0.746734568693769 0.490885677652253 0.51512529114195 0.232689474746239 -0.824925174041984 0.101529715703167 -0.519953810066822 0.487361482992479 -0.0511495206521349 -0.73608122597971 0.807515281629032
186.56880690663 187.667374864085 14.402792753426 0.665018481107018 0.255487230033903 0.70176683811345 0.626228623920514 0.321233361908565 -0.710384992648024 -0.00595183653204145 0.416294820127583 0.198630309876876 0.419344932750575 0.566715222014419 0.0345636923207301
186.740708630714 188.09023289077 14.176019234811 0.805716140576707 -0.261837043504116 0.531284164513871 0.577049501861832 0.549255278064818 -0.604427424856738 0.448524841749958 0.402756164587883 -0.0527213308535996 0.578897161264678 -0.458247886851964 -0.085077879485218
187.156185454719 188.507711329077 13.9940109927076 0.534436872784344 -0.776809696085863 0.333082459873616 0.836709566122142 0.430503377607757 -0.338502501952379 -0.139456966009592 0.552143890932334 0.340374537657557 -0.295438006318549 0.909624062453495 -0.291826424330089
187.688381516216 188.740128795985 13.9461768755238 0.177577415391272 -0.983633307036609 0.0305250525172965 0.951011775092352 0.163546589573942 -0.262353038241237 0.00204119559436622 -0.11291141945228 0.282066093468043 -0.301390227031616 -0.434963448207091 -0.153931111556817
188.116837797532 188.651712633705 14.1996857416311 0.115656745032542 -0.825328993090492 -0.552680351100629 0.985569894534929 0.164587064986175 -0.0395358195261822 0.191058628248021 -0.537393770049403 -0.114272426323785 0.179020557305232 0.414890914002113 -0.514918343560466
188.590388735422 188.484732222323 14.305174706161 -0.225310203911573 -0.186611841387573 -0.956248572635401 0.971469170377005 0.0315637347155792 -0.235056124484797 -0.0471749193840961 -0.194247240725613 -0.437727762530043 -0.0324070222068321 -0.0989037335532971 -0.326203506367885
189.075394485219 188.35911594028 14.0153305487547 -0.615607684359494 0.370335142437812 -0.69561416117923 0.788035306726591 0.283412872407993 -0.546513951428308 -0.297927620707589 0.735114534631566 0.19341333999986 0.658759084216783 0.382349082215716 0.187764340782642
189.590095150707 188.735174273408 13.6839569818564 -0.260242912651044 0.879206923183049 0.399084969200652 0.921675004502649 0.349376967483981 -0.168674007086836 -0.290440940904463 -0.0538667160951998 -0.268786029806236 0.149589945136151 0.258120356652454 0.00643373929451514
190.07325698675 188.99961490748 13.577122065062 -0.341097680334382 0.451609027184194 0.824440209497463 0.775872391511224 0.630420711252216 -0.0243260953485273 0.0173362714786333 0.831166866211859 0.397533215784644 0.191340330323985 0.150139564410088 -0.397204501245654
190.189361071209 189.46564015772 13.454659504951 -0.0111703231162747 0.0443157857121087 0.998955121623692 0.696160687521294 0.71748320788202 -0.0240446159713699 0.0642551778627749 -0.0216202429007781 0.0106667720575702 0.349980558811336 -0.206419523285065 0.205546523400894
190.346436334827 189.954980767682 13.5249984131597 0.189693048911695 -0.493987756879032 0.84852380240523 0.683542089208674 0.686832523352021 0.247045131800159 0.698760026220224 0.124281642493683 0.296006314820875 0.266392425870949 0.0389188526736127 0.505603046245306
190.508028193802 190.269579564057 13.8554983211085 0.545751763617214 -0.802430000747528 0.241373375518218 0.725840781452863 0.596633032160323 0.342321756415029 -0.478354061550866 0.148344700402309 0.332024577887794 -0.462632654854995 -0.92462339425642 -0.29887919053041
190.968383967033 190.428553491698 14.282063570037 0.361905708355202 -0.740987022525772 -0.565652270134487 0.88871888693284 0.457429273742162 -0.030613714779452 0.245968814147146 0.274577442077734 0.197839841593678 -0.121704604779269 0.277318496439174 0.27937269919839
191.516977126608 190.392916842282 14.4356831238623 0.0396257899049551 -0.417886759196055 -0.907634537279746 0.949759656881854 0.297980698657181 -0.0957292922120693 0.288014065350768 0.129149699877161 -0.353546629153513 0.151436564559891 0.174860433630953 -0.544007236061039
192.230914172383 190.321259926798 14.2695523420882 -0.45988326337252 -0.263776086232376 -0.847897140225022 0.811232736177467 0.263518687656254 -0.521976387406494 0.639720738442555 -0.0095527743614428 0.12229639265516 -0.195978363849935 -0.0252017100299932 0.523776605904715
192.552348880867 190.040520861884 14.0068555390341 -0.422327196047472 0.688622374931366 -0.589439533983389 0.878463173217184 0.150615478758343 -0.453450582599248 0.0645139956524945 0.756895354411399 -0.357045799439273 0.164293120623925 -0.555794703507533 -0.158654491383755
192.903443636171 189.937183396616 13.6104515848912 -0.353579139065653 0.935182026401403 0.0204051442867316 0.927265108182954 0.353290525670778 -0.123956539229355 0.585808606208213 -0.437544989295131 0.169378946531754 0.379977234511935 -0.414090620233942 0.156003731736729
193.174351571934 190.168276982874 13.2415908138256 -0.153884361671704 0.72678876539906 0.669400996206756 0.887603277116475 0.399343083350275 -0.229533274782498 0.301244264864489 -0.350872847905018 -0.503934654069881 0.50299806903249 0.458368416277698 0.323289901798053
193.222887167995 190.561398207249 13.1119995091215 0.730685623897422 -0.110385740429235 0.673731034864465 0.672889126221757 0.283258965122964 -0.683362702003813 -0.314311307835614 -0.0859956536857514 0.483187923269482 0.161128550542159 0.12693895737286 -0.207369404605542
193.420282408051 190.980982740434 12.8916404588751 0.649064793072074 -0.745821997262964 0.149881429113189 0.473904022673848 0.242292060112638 -0.846586991926945 -0.144741931836268 0.110853561976052 0.728630757760494 0.42411671711624 0.332265582557961 -0.00774531594286438
192.716556603875 191.687600632598 13.0794558262437 0.331155513148633 -0.505557943744477 0.796710230653615 0.513005202924282 0.805122423862261 0.297663475029706 0.0343618559649607 -0.16552715785161 0.213761204255146 0.176152557531231 -0.550497515711943 0.0549100113441155
192.822277716167 192.612383162869 13.2185344208405 0.462492454352105 0.857024903439665 -0.22717624116884 -0.747820297897572 0.514713502556271 0.419326617732118 0.781950552181442 0.260205693426554 -0.308691932294072 -0.200107662085186 -0.0263363196071412 0.401359023718341
192.661228014825 192.973462734334 13.501418912367 0.0413289669870284 0.472609283968498 -0.88030243734445 -0.778752972604696 0.56722082317188 0.267963328497696 0.0504212293229245 -0.10605503321941 0.246319787755681 -0.353888327612954 -0.639111194762267 -0.609371046339792
